1 4000
2 4000
1 4500
2 4500
1 5000
2 5500
3 6000
4 6500
1 7000
2 7500
3 8000
4 8500
1 9000
2 9500
3 10000
4 10500
1 11000
2 11500
3 12000
4 12500
1 13000
2 13500
3 14000
4 14500
1 15000
2 15500
3 16000
4 16500
1 17000
2 17500
3 18000
4 18500
1 19000
2 19000
1 19500
2 19500
3 20000
4 20000
1 20500
2 21000
3 21500
4 22000
1 22500
2 23000
3 23500
4 24000
1 24500
2 25000
3 25500
4 26000
1 26500
2 26500
3 27000
4 27000
1 27500
1 28000
2 28000
3 28500 
3 29000
4 29000
1 29500
2 29500
3 30000
4 30000
1 30500
2 31000
3 31500
4 32000
-1